K : 2
p : 0.5
sensitivity : 0.975207
specificity : 0.991475
accuracy : 0.990677
